00010000100000000000000000010000
00000001000000000000000000000000
10010000000100000010000000000000
10000010000100000010000000000000
10000000101000000100000000011000
00010110100000000000000000001001
00000001000000000000000000000000
10100000000100000000000000000001
10100010000100000000000000001000
10000010000001000010000000000001
10010000000001000100000000011001
10000000101000000100000000011000
00000110101111111111111111111011
00000001000000000000000000000000
10000001110000111110000000000000
00000001000000000000000000000000
10110000000101000010000000000101
10110010000101000010000000001001
01111111111111111111111111110000
00000001000000000000000000000000
10010100000100100000000000000000
00000001000000000000000000000000
00000001000000000000000000000000
00000001000000000000000000000000
00000001000000000000000000000000
00000001000000000000000000000000
00000001000000000000000000000000
00000001000000000000000000000000
00000001000000000000000000000000
00000001000000000000000000000000
00000001000000000000000000000000
00000001000000000000000000000000
00000001000000000000000000000000
00000001000000000000000000000000
00000001000000000000000000000000
00000001000000000000000000000000
00000001000000000000000000000000
00000001000000000000000000000000
00000001000000000000000000000000
00000001000000000000000000000000
00000001000000000000000000000000
00000001000000000000000000000000
00000001000000000000000000000000
00000001000000000000000000000000
00000001000000000000000000000000
00000001000000000000000000000000
00000001000000000000000000000000
00000001000000000000000000000000
00000001000000000000000000000000
00000001000000000000000000000000
00000001000000000000000000000000
00000001000000000000000000000000
00000001000000000000000000000000
00000001000000000000000000000000
00000001000000000000000000000000
00000001000000000000000000000000
00000001000000000000000000000000
00000001000000000000000000000000
00000001000000000000000000000000
00000001000000000000000000000000
00000001000000000000000000000000
00000001000000000000000000000000
00000001000000000000000000000000
00000001000000000000000000000000