00010000100000000000000000100011
00000001000000000000000000000000
10010000000100000010000000000000
10000010000100000010000000000000
10011010000100000000000000001111
10000000101000000100000000011000
00010110100000000000000000001001
00000001000000000000000000000000
10100000000100000000000000000001
10100010000100000000000000001000
10000010000001000010000000000001
10010000000001000100000000011001
10000000101000000100000000011000
00000110101111111111111111111000
00000001000000000000000000000000
10000001110000011110000000000000
00000001000000000000000000000000
10010010000100000010000000000001
10000110000100000010000000000000
10001110000100000000000000001000
10000000111000001100000000011011
00010110110000000000000000001100
00000001000000000000000000000000
10100100000100000000000000000010
10100110000100000000000000001001
10110000000100000000000000011010
10110010000100000000000000011011
01111111111111111111111111100111
00000001000000000000000000000000
10000100000001001010000000000001
10010010000001001100000000001000
00000100101111111111111111110101
00000001000000000000000000000000
10000001110000011110000000000000
00000001000000000000000000000000
10110100000100000010000000000010
10110110000100000010000000000011
01111111111111111111111111101100
00000001000000000000000000000000
10010100000100000000000000001001